numPatches=2
lastPatchDownload=2019-07-22 20:28:13.842675
fullDownloadBroken=False
lastFullDownload=2019-07-01 14:07:13.084000
